Year,NYC ADP,Raw change
2008,"13,850",
2009,"13,362",-488
2010,"13,049",-313
2011,"12,790",-259
2012,"12,287",-503
2013,"11,827",-460
2014,"11,408",-419
2015,"10,240","-1,168"
2016,"9,790",-450
2017,"9,500",-290
2018,"8,896",-604
2019,"7,800","-1,096"